37572352
36252664
36684736
37225857
35952796
36903836
28598974
37563236
35519805
33420308
34293606
36507433
36466229
34818800
34956294
35807660
36079683
37483702
30244394
38403579
39499720
30894867
38701238
38681585
28428798
29127868
35792867
33859658
27976710
39771191
34146410
16659280
31379895
38499586
33240631
30912382
31539944
33899401
34454157
35595294
29733137
29710668
31019222
21676489
29882362
15077629
36224202
34072503
28936575
32318078
30411567
34371657
40094601
27796568
28607420
30002422
40265835
29531244
12595141
29692073
29974704
33717698
40258909
15361526
34622399
27593468
35684189
31957387
10773334
40281664
24830246
30237577
15448179
32689140
38914342
33838057
38970337
25869633
24380340
23705389
28294117
19939947
32339184
25685457
12181894
22007452
25011295
32476342
12682990
